3.087318818383812946e+00
5.301492702058803630e+00
2.380455318475808824e+00
9.204691996126654896e-01
2.098969971659429223e+00
2.463259750445107699e+00
1.583485913165444847e+00
3.166137187929559005e+00
8.734865330220422663e-01
2.322498981471786461e+00
1.194723771776726284e+00
2.039657352097730580e+00
3.579381272557592197e+00
5.325511074827529168e-01
1.887785180838833510e+00
1.834872446719231887e+00
2.308989110328932615e+00
1.309235180050587033e+00
1.850860183971954953e+00
1.928747740985378378e+00
4.571766768630720179e+00
1.552559032259091643e+00
1.596546080063748985e+00
2.018531320616109070e+00
1.610214104292932324e+00
3.348389847603573166e+00
4.322715447645571807e+00
8.204391585155672573e-01
1.076429459157633994e+00
1.281170273834625117e+00
2.589562218806795268e+00
1.451058206047749932e+00
2.406680102233916152e+00
3.997871721829374003e+00
1.976025643920453767e+00
2.002404322213163557e+00
1.596127599862725788e+00
3.573771070869099287e+00
2.389260391320594312e+00
3.432625194650911649e+00
3.421808397304904048e+00
2.124076912846521115e+00
2.509744006954107043e+00
3.289196844178834400e+00
2.408905855720356204e+00
3.853268042160975071e+00
5.274368634754164731e+00
1.912280994669656842e+00
4.356894774102638479e+00
3.464177601245409743e+00
4.009823954095615761e+00
2.682473916292070992e+00
2.102717570468556119e+00
4.463551002330658157e+00
1.304026049665979237e+00
3.074863766575177682e+00
2.748594939231514100e+00
2.085843572296014692e+00
1.108595116746689868e+00
1.280148185056227073e+00
2.959200581420958542e+00
3.338596165581628306e+00
1.791006584222073483e+00
2.596526065782880810e+00
3.402582005283735889e+00
4.666120371787569887e+00
2.070736705111993370e+00
1.633201240989440528e+00
2.517969499657653376e+00
4.721857940006307430e+00
3.101307000998521524e+00
2.325032131806575642e+00
2.099381061810653204e+00
2.419848075649204677e+00
2.186462123121152068e+00
2.479095197825387231e+00
2.643081244773634708e+00
2.384534185743735879e+00
1.055679046093522144e+00
2.233179639191115839e+00
3.050401696758783476e+00
1.820453428948253682e+00
3.643762167299949173e+00
2.223192717184435896e+00
1.254581615027975605e+00
1.245009464937535171e+00
2.111034687999911341e+00
4.445497534358940683e+00
2.166945229757371472e+00
2.727787912920310198e+00
3.259634422075465832e+00
4.873967249759944664e+00
3.102936988235213356e+00
2.554120829900833556e+00
9.332170780158485224e-01
1.253322900259405070e+00
1.596166939271198348e+00
2.068360708014002736e+00
3.430373554644202461e+00
1.120236622402748683e+00
